':                    0.9
one:                  0.6988235294117647
let:                  0.6952941176470588
feel:                 0.6882352941176471
alright:              0.6741176470588235
join:                 0.6670588235294117
together:             0.6670588235294117
love:                 0.6494117647058824
heart:                0.6317647058823529
/:                    0.6247058823529411
lord:                 0.6211764705882352
wailer:               0.6176470588235294
marley:               0.6141176470588235
oh:                   0.6141176470588235
false:                0.6105882352941177
right:                0.6105882352941177
tell:                 0.6105882352941177
soul:                 0.6105882352941177
hear:                 0.6105882352941177
plea:                 0.6105882352941177
@card@:               0.6070588235294118
mercy:                0.6070588235294118
salsabrate:           0.6070588235294118
place:                0.6070588235294118
pray:                 0.6070588235294118
bob:                  0.6035294117647059
wailing:              0.6035294117647059
pass:                 0.6035294117647059
dirty:                0.6035294117647059
remark:               0.6035294117647059
question:             0.6035294117647059
really:               0.6035294117647059
like:                 0.6035294117647059
ask:                  0.6035294117647059
hopeless:             0.6035294117647059
sinner:               0.6035294117647059
hurt:                 0.6035294117647059
mankind:              0.6035294117647059
save:                 0.6035294117647059
come:                 0.6035294117647059
reggae:               0.6035294117647059
fight:                0.6
holy:                 0.6
battle:               0.6
man:                  0.6
doom:                 0.6
pity:                 0.6
chance:               0.6
grow:                 0.6
thin:                 0.6
ai:                   0.6
not:                  0.6
hide:                 0.6
king:                 0.6
along:                0.6
yes:                  0.6
catchy_chorus:        0.6
high_repetition:      0.6
hook_repetition:      0.6
