':                    0.9
hello:                0.8142857142857143
low:                  0.6489795918367347
denial:               0.6489795918367347
/:                    0.6428571428571428
entertain:            0.6306122448979592
we:                   0.6306122448979592
false:                0.6183673469387755
feel:                 0.6183673469387755
@card@:               0.6122448979591837
oh:                   0.6122448979591837
light:                0.6122448979591837
less:                 0.6122448979591837
dangerous:            0.6122448979591837
stupid:               0.6122448979591837
contagious:           0.6122448979591837
mulatto:              0.6122448979591837
albino:               0.6122448979591837
mosquito:             0.6122448979591837
libido:               0.6122448979591837
yeah:                 0.6122448979591837
nirvana:              0.6061224489795918
super:                0.6061224489795918
deluxe:               0.6061224489795918
edition:              0.6061224489795918
hey:                  0.6061224489795918
yay:                  0.6061224489795918
always:               0.6061224489795918
find:                 0.6061224489795918
hard:                 0.6061224489795918
rock:                 0.6061224489795918
smell:                0.6
like:                 0.6
teen:                 0.6
spirit:               0.6
27:                   0.6
2011:                 0.6
load:                 0.6
gun:                  0.6
bring:                0.6
friend:               0.6
fun:                  0.6
lose:                 0.6
pretend:              0.6
over-bored:           0.6
self-assured|self-assure:0.6
know:                 0.6
dirty:                0.6
word:                 0.6
badly:                0.6
best:                 0.6
gift:                 0.6
blessed:              0.6
little:               0.6
group:                0.6
end:                  0.6
forget:               0.6
taste:                0.6
guess:                0.6
make:                 0.6
smile:                0.6
well:                 0.6
whatever:             0.6
never:                0.6
mind:                 0.6
catchy_chorus:        0.6
high_repetition:      0.6
hook_repetition:      0.6
