':                    0.9000000000000001
/:                    0.6446808510638298
take:                 0.6319148936170212
move:                 0.625531914893617
oh:                   0.625531914893617
@card@:               0.6191489361702127
false:                0.6191489361702127
hold:                 0.6191489361702127
god:                  0.6191489361702127
trap:                 0.6127659574468085
can:                  0.6127659574468085
not:                  0.6127659574468085
breath:               0.6127659574468085
wish:                 0.6127659574468085
death:                0.6127659574468085
please:               0.6127659574468085
life:                 0.6127659574468085
one:                  0.6063829787234042
metallica:            0.6063829787234042
justice:              0.6063829787234042
remaster:             0.6063829787234042
deluxe:               0.6063829787234042
box:                  0.6063829787234042
set:                  0.6063829787234042
get:                  0.6063829787234042
fucking:              0.6063829787234042
feel:                 0.6063829787234042
see:                  0.6063829787234042
much:                 0.6063829787234042
leave:                0.6063829787234042
real:                 0.6063829787234042
wake:                 0.6063829787234042
look:                 0.6063829787234042
live:                 0.6063829787234042
help:                 0.6063829787234042
metal:                0.6063829787234042
goddamn:              0.6
coward:               0.6
ass:                  0.6
trench:               0.6
fuck:                 0.6
remember:             0.6
anything:             0.6
tell:                 0.6
true:                 0.6
dream:                0.6
deep:                 0.6
inside:               0.6
scream:               0.6
terrible:             0.6
silence:              0.6
stop:                 0.6
war:                  0.6
waking:               0.6
nothing:              0.6
pain:                 0.6
back:                 0.6
womb:                 0.6
pump:                 0.6
must:                 0.6
forward:              0.6
reveal:               0.6
time:                 0.6
feed:                 0.6
tube:                 0.6
stick:                0.6
like:                 0.6
wartime:              0.6
novelty:              0.6
tie:                  0.6
machine:              0.6
make:                 0.6
cut:                  0.6
world:                0.6
go:                   0.6
darkness:             0.6
imprison:             0.6
absolute:             0.6
horror:               0.6
die:                  0.6
body:                 0.6
cell:                 0.6
landmine:             0.6
sight:                0.6
speech:               0.6
hearing:              0.6
arm:                  0.6
leg:                  0.6
soul:                 0.6
hell:                 0.6
high_repetition:      0.6
