':                    0.9
fuck:                 0.641860465116279
real:                 0.6383720930232558
call:                 0.627906976744186
/:                    0.6244186046511627
fikir:                0.6244186046511627
@card@:               0.6174418604651163
yeah:                 0.6174418604651163
half-past:            0.6174418604651163
five:                 0.6174418604651163
time:                 0.6174418604651163
love:                 0.6174418604651163
touch:                0.6174418604651163
feel:                 0.6174418604651163
weeknd:               0.613953488372093
tryna:                0.613953488372093
keep:                 0.6104651162790697
hide:                 0.6104651162790697
ewedihalehu:          0.6104651162790697
yene:                 0.6104651162790697
hill:                 0.6069767441860465
friend:               0.6069767441860465
send:                 0.6069767441860465
side:                 0.6069767441860465
ever:                 0.6069767441860465
mine:                 0.6069767441860465
babe:                 0.6069767441860465
lie:                  0.6069767441860465
highlight:            0.6034883720930232
deluxe:               0.6034883720930232
false:                0.6034883720930232
true:                 0.6034883720930232
not:                  0.6034883720930232
find:                 0.6034883720930232
know:                 0.6034883720930232
simple:               0.6034883720930232
eye:                  0.6034883720930232
judge:                0.6034883720930232
konjo:                0.6034883720930232
pop:                  0.6034883720930232
man:                  0.6
road:                 0.6
doin:                 0.6
promo:                0.6
say:                  0.6
business:             0.6
low-low:              0.6
get:                  0.6
zone:                 0.6
look:                 0.6
even:                 0.6
well:                 0.6
photo:                0.6
can:                  0.6
house:                0.6
info:                 0.6
drivin:               0.6
gated:                0.6
residential:          0.6
comin:                0.6
home:                 0.6
i'ma:                 0.6
let:                  0.6
seem:                 0.6
two:                  0.6
bitch:                0.6
see:                  0.6
gon:                  0.6
tempo:                0.6
always:               0.6
rehab:                0.6
drug:                 0.6
start:                0.6
feelin:               0.6
like:                 0.6
decaf:                0.6
live:                 0.6
life:                 0.6
moment:               0.6
motherfucker:         0.6
want:                 0.6
relapse:              0.6
girl:                 0.6
oh:                   0.6
baby:                 0.6
trust:                0.6
high_repetition:      0.6
hook_repetition:      0.6
