':                    0.9
/:                    0.6454545454545454
shallow:              0.6272727272727272
sha-ha:               0.6227272727272727
gaga:                 0.6181818181818182
true:                 0.6136363636363636
time:                 0.6136363636363636
not:                  0.6136363636363636
far:                  0.6136363636363636
cooper:               0.609090909090909
@card@:               0.609090909090909
ha:                   0.609090909090909
lady:                 0.6045454545454545
star:                 0.6045454545454545
bear:                 0.6045454545454545
original:             0.6045454545454545
motion:               0.6045454545454545
picture:              0.6045454545454545
soundtrack:           0.6045454545454545
bradley:              0.6045454545454545
447:                  0.6045454545454545
2700:                 0.6045454545454545
false:                0.6045454545454545
tell:                 0.6045454545454545
somethin:             0.6045454545454545
need:                 0.6045454545454545
good:                 0.6045454545454545
find:                 0.6045454545454545
change:               0.6045454545454545
bad:                  0.6045454545454545
fear:                 0.6045454545454545
deep:                 0.6045454545454545
end:                  0.6045454545454545
watch:                0.6045454545454545
dive:                 0.6045454545454545
never:                0.6045454545454545
meet:                 0.6045454545454545
ground:               0.6045454545454545
crash:                0.6045454545454545
surface:              0.6045454545454545
can:                  0.6045454545454545
hurt:                 0.6045454545454545
we:                   0.6045454545454545
sha-hallow:           0.6045454545454545
sha-la-la-la-low:     0.6045454545454545
pop:                  0.6045454545454545
girl:                 0.6
happy:                0.6
modern:               0.6
world:                0.6
else:                 0.6
searchin:             0.6
fallin:               0.6
longin:               0.6
something:            0.6
boy:                  0.6
tired:                0.6
tryna:                0.6
fill:                 0.6
void:                 0.6
ai:                   0.6
hard:                 0.6
keepin:               0.6
hardcore:             0.6
fall:                 0.6
longing:              0.6
oh:                   0.6
ah:                   0.6
oh-ah:                0.6
catchy_chorus:        0.6
high_repetition:      0.6
hook_repetition:      0.6
