':                    0.9
bad:                  0.8553191489361702
boy:                  0.848936170212766
na:                   0.8425531914893618
gon:                  0.8361702127659575
come:                 0.7212765957446808
chuck:                0.6957446808510639
/:                    0.6446808510638298
one:                  0.6319148936170212
circle:               0.625531914893617
false:                0.6191489361702127
want:                 0.6191489361702127
go:                   0.6191489361702127
give:                 0.6191489361702127
break:                0.6191489361702127
@card@:               0.6127659574468085
mother:               0.6127659574468085
father:               0.6127659574468085
naw:                  0.6127659574468085
know:                 0.6127659574468085
hey:                  0.6127659574468085
inner:                0.6063829787234042
yeah:                 0.6063829787234042
act:                  0.6063829787234042
get:                  0.6063829787234042
brother:              0.6063829787234042
sister:               0.6063829787234042
reflection:           0.6063829787234042
sometimes:            0.6063829787234042
let:                  0.6063829787234042
rude:                 0.6063829787234042
reggae:               0.6063829787234042
1993:                 0.6
huh:                  0.6
sheriff:              0.6
john:                 0.6
brown:                0.6
tell:                 0.6
wan:                  0.6
eight:                0.6
trait:                0.6
school:               0.6
learn:                0.6
golden:               0.6
rule:                 0.6
like:                 0.6
bloody:               0.6
fool:                 0.6
hot:                  0.6
must:                 0.6
cool:                 0.6
nobody:               0.6
police:               0.6
soldier:              0.6
mona:                 0.6
even:                 0.6
idren:                0.6
heeey:                0.6
mean:                 0.6
not:                  0.6
human:                0.6
bear:                 0.6
love:                 0.6
catchy_chorus:        0.6
high_repetition:      0.6
hook_repetition:      0.6
