':                    0.9
oi:                   0.7779661016949153
t.n.t.:               0.6813559322033899
/:                    0.635593220338983
man:                  0.6152542372881356
false:                0.6152542372881356
not:                  0.6152542372881356
fight:                0.6152542372881356
@card@:               0.6101694915254237
get:                  0.6101694915254237
dynamite:             0.6101694915254237
win:                  0.6101694915254237
power:                0.6101694915254237
load:                 0.6101694915254237
watch:                0.6101694915254237
explode:              0.6101694915254237
lock:                 0.6101694915254237
ac:                   0.6050847457627119
mean:                 0.6050847457627119
woman:                0.6050847457627119
ai:                   0.6050847457627119
back:                 0.6050847457627119
rock:                 0.6050847457627119
19:                   0.6
2010:                 0.6
see:                  0.6
ride:                 0.6
sunset:               0.6
colour:               0.6
tv:                   0.6
screen:               0.6
know:                 0.6
leave:                0.6
right:                0.6
gun:                  0.6
knife:                0.6
start:                0.6
dirty:                0.6
mighty:               0.6
unclean:              0.6
want:                 0.6
public:               0.6
enemy:                0.6
number:               0.6
one:                  0.6
understand:           0.6
daughter:             0.6
wife:                 0.6
door:                 0.6
run:                  0.6
life:                 0.6
town:                 0.6
mess:                 0.6
catchy_chorus:        0.6
high_repetition:      0.6
hook_repetition:      0.6
